 	Trajectory	Frame	x	y	z	m0	m1	m2	m3	m4	NPscore
1	1	0	850.551	1121.607	0	23.579	2.754	9.159	33.966	135.743	8.798E-10
2	1	1	828.609	1120.734	0	22.697	2.784	9.381	35.336	143.780	1.150E-19
3	1	2	808.641	1122.098	0	22.964	2.758	9.225	34.527	139.773	7.078E-5
4	1	3	787.544	1122.854	0	22.319	2.808	9.553	36.342	149.424	0.008
5	1	4	769.556	1119.154	0	22.534	2.786	9.419	35.685	146.363	1.251E-5
6	1	5	749.079	1120.891	0	22.645	2.806	9.560	36.514	151.129	2.803E-7
7	1	6	728.664	1118.417	0	20.228	2.816	9.642	37.056	154.372	1.716E-8
8	1	7	705.783	1116.914	0	21.916	2.887	10.177	40.435	174.868	0.011
9	1	8	684.586	1117.353	0	21.841	2.829	9.709	37.320	155.192	1.560E-9
10	1	9	664.331	1118.042	0	22.050	2.858	9.930	38.718	163.579	8.344E-4
11	1	10	644.201	1118.530	0	21.546	2.882	10.109	39.821	170.121	2.808E-15
12	1	11	628.306	1122.382	0	20.454	2.891	10.184	40.336	173.362	6.648E-25
13	1	12	611.539	1122.784	0	21.605	2.853	9.881	38.345	160.994	1.255
14	1	13	592.824	1126.342	0	21.519	2.824	9.710	37.463	156.677	1.008E-8
15	1	14	570.315	1125.686	0	21.333	2.841	9.789	37.765	157.587	2.557E-19
16	1	15	553.938	1124.670	0	21.997	2.868	9.985	38.959	164.541	3.785E-8
17	1	19	478.429	1122.655	0	21.256	2.795	9.456	35.736	145.717	9.405E-24
18	1	20	461.099	1122.125	0	22.653	2.787	9.439	35.849	147.519	0.078
19	1	21	442.636	1123.505	0	22.079	2.762	9.232	34.437	138.518	1.497E-6
20	1	22	419.271	1123.105	0	21.531	2.813	9.604	36.716	151.849	6.038E-8
21	1	23	400.005	1119.460	0	22.473	2.791	9.447	35.776	146.543	0.167
22	1	24	379.649	1119.539	0	22.551	2.777	9.309	34.771	139.849	5.592
23	1	25	357.209	1119.134	0	22.735	2.809	9.549	36.273	148.820	1.887
24	1	26	335.053	1122.618	0	21.887	2.808	9.549	36.312	149.204	1.845
25	1	28	299.495	1124.271	0	20.632	2.785	9.392	35.389	143.981	0.002
26	2	0	851.334	771.483	0	21.827	2.945	10.445	41.270	175.629	8.798E-10
27	2	1	829.921	770.306	0	20.426	3.078	11.410	47.157	210.041	1.150E-19
28	2	2	802.421	776.488	0	22.071	2.957	10.516	41.629	177.342	7.078E-5
29	2	3	779.578	773.758	0	22.034	2.985	10.757	43.263	187.691	0.008
30	2	4	755.408	772.520	0	21.621	3.000	10.826	43.498	188.178	1.251E-5
31	2	5	728.222	773.828	0	21.737	3.051	11.217	45.977	203.121	2.803E-7
32	2	6	704.139	772.110	0	21.896	2.992	10.803	43.555	189.645	1.716E-8
33	2	7	680.099	765.599	0	20.795	2.965	10.616	42.456	183.373	0.011
34	2	8	659.933	768.250	0	24.035	2.883	10.033	38.944	163.042	13.733
35	2	9	638.000	769.321	0	23.361	2.940	10.437	41.393	177.308	3.627
36	2	10	615.448	767.329	0	24.232	2.869	9.905	38.056	157.317	8.955
37	2	11	590.610	770.295	0	23.865	2.876	9.961	38.402	159.310	0.005
38	2	12	567.626	770.084	0	21.414	2.962	10.568	42.034	180.161	1.255
39	2	13	539.047	772.353	0	23.509	2.914	10.233	40.095	169.482	4.382E-7
40	2	14	516.340	767.934	0	24.344	2.882	10.012	38.797	162.112	0.002
41	2	15	492.538	766.023	0	23.989	2.881	10.011	38.800	162.178	0.303
42	2	16	469.014	765.239	0	24.230	2.864	9.910	38.278	159.604	0.090
43	2	17	445.002	764.776	0	24.318	2.821	9.607	36.515	149.786	0.218
44	2	18	420.810	760.543	0	24.783	2.770	9.253	34.420	137.903	15.656
45	2	19	395.626	761.329	0	24.594	2.785	9.329	34.754	139.252	7.061
46	2	20	370.521	767.761	0	23.675	2.820	9.579	36.207	147.256	0.418
47	2	21	347.176	767.572	0	23.845	2.816	9.573	36.316	148.675	1.742
48	2	22	326.465	766.699	0	23.500	2.816	9.564	36.179	147.395	1.386
49	2	23	302.631	769.747	0	23.401	2.832	9.673	36.801	150.785	1.268
50	2	24	276.769	771.150	0	23.861	2.807	9.506	35.878	145.952	0.002
51	2	25	257.774	773.453	0	23.786	2.788	9.358	34.965	140.635	0.828
52	2	26	238.157	771.720	0	23.030	2.826	9.638	36.667	150.428	4.666
53	2	27	219.983	768.353	0	22.669	2.857	9.868	38.074	158.705	0.004
54	2	28	197.399	766.516	0	21.912	2.852	9.797	37.469	154.254	0.002
55	2	29	168.785	766.452	0	21.790	2.838	9.712	37.042	152.246	2.456E-5
56	2	30	143.429	767.918	0	22.078	2.810	9.515	35.909	146.054	0.011
57	2	31	121.663	768.596	0	22.023	2.792	9.388	35.133	141.513	2.436E-6
58	2	32	100.412	769.563	0	22.325	2.770	9.239	34.279	136.818	4.620
59	2	33	78.219	765.743	0	22.371	2.789	9.376	35.130	141.840	3.209
60	2	34	56.025	765.568	0	21.523	2.850	9.823	37.874	157.943	3.385
61	2	35	32.591	766.389	0	22.282	2.768	9.225	34.190	136.286	9.883E-8
62	2	36	12.536	769.714	0	21.713	2.762	9.182	33.970	135.238	5.035E-6
63	3	3	1035.946	865.442	0	10.067	2.187	5.959	18.345	61.312	0
64	3	4	1018.447	865.759	0	25.591	2.805	9.470	35.574	143.801	8.039E-20
65	3	5	995.024	860.185	0	24.986	2.873	9.983	38.776	162.829	8.288E-12
66	3	6	972.814	863.661	0	24.331	2.869	9.928	38.331	159.682	4.700E-14
67	3	7	950.136	866.604	0	24.598	2.852	9.809	37.638	155.790	1.926E-15
68	3	8	927.466	867.665	0	23.993	2.863	9.866	37.852	156.310	13.733
69	3	9	904.286	870.263	0	23.692	2.880	10.005	38.749	161.758	3.626
70	3	10	883.064	874.117	0	24.519	2.889	10.086	39.364	166.129	8.955
71	3	11	860.164	874.650	0	25.135	2.861	9.868	37.924	157.067	0.005
72	3	12	834.830	876.534	0	25.577	2.837	9.705	37.003	152.097	7.427E-34
73	3	13	810.981	875.879	0	25.361	2.875	9.993	38.816	162.919	4.281E-7
74	3	14	787.514	874.577	0	25.571	2.802	9.448	35.412	142.685	0.002
75	3	15	763.898	877.271	0	24.879	2.878	9.992	38.679	161.491	0.303
76	3	16	741.879	878.647	0	25.991	2.810	9.521	35.963	146.421	1.386E-6
77	3	17	725.401	877.849	0	25.639	2.808	9.511	35.884	145.837	0.047
78	3	18	698.900	874.032	0	24.728	2.880	10.030	39.037	164.193	1.384
79	3	19	674.370	872.137	0	24.929	2.853	9.814	37.622	155.443	4.367
80	3	20	647.768	875.055	0	25.993	2.817	9.589	36.433	149.356	2.668E-7
81	3	21	620.125	878.150	0	25.980	2.825	9.635	36.663	150.531	3.931E-7
82	3	22	596.955	876.057	0	25.391	2.841	9.766	37.512	155.688	4.442E-5
83	3	23	571.646	874.900	0	25.022	2.831	9.665	36.768	150.763	0.003
84	3	24	548.323	873.304	0	25.791	2.770	9.241	34.325	137.280	9.085E-8
85	3	25	525.509	871.970	0	25.882	2.775	9.308	34.860	140.964	4.526E-9
86	3	26	506.611	872.629	0	26.119	2.740	9.051	33.294	131.854	5.368E-21
87	3	27	483.405	873.986	0	25.783	2.769	9.263	34.594	139.482	9.916E-8
88	3	28	459.385	873.784	0	25.465	2.775	9.288	34.622	139.011	8.086E-6
89	3	29	438.649	874.886	0	25.226	2.763	9.215	34.271	137.426	3.313E-7
90	3	30	415.303	874.282	0	25.327	2.747	9.104	33.624	133.820	5.904E-9
91	3	31	393.630	873.318	0	25.098	2.746	9.086	33.458	132.599	0.002
92	3	32	371.831	876.924	0	24.751	2.779	9.329	34.968	141.512	2.523E-12
93	3	33	352.229	883.036	0	24.857	2.804	9.491	35.853	146.155	5.714E-13
94	3	34	334.142	885.927	0	24.387	2.812	9.548	36.172	147.864	1.671E-17
95	3	35	313.593	883.692	0	24.226	2.771	9.240	34.274	136.794	9.845E-8
96	3	36	286.390	881.560	0	23.755	2.778	9.288	34.539	138.120	8.723
97	3	37	257.791	876.518	0	23.102	2.826	9.627	36.524	149.211	4.009
98	3	38	235.807	875.375	0	22.106	2.868	9.918	38.220	158.717	0.168
99	3	39	213.230	873.490	0	22.279	2.839	9.709	36.979	151.662	1.597E-7
100	3	40	192.701	875.162	0	22.694	2.811	9.536	36.066	147.027	4.099E-4
101	3	41	165.316	872.370	0	22.194	2.804	9.477	35.665	144.553	0.005
102	3	42	141.693	869.421	0	21.555	2.857	9.844	37.791	156.337	1.633E-18
103	3	43	119.915	872.802	0	21.967	2.824	9.624	36.594	150.136	1.532E-18
104	3	44	96.634	874.282	0	21.624	2.775	9.287	34.599	138.728	2.551E-15
105	3	45	77.692	875.055	0	22.031	2.789	9.388	35.258	142.843	0.003
106	3	46	58.555	877.567	0	20.700	2.736	9.025	33.127	130.864	0.022
107	3	47	41.333	877.745	0	20.681	2.770	9.257	34.502	138.673	1.982E-6
108	3	48	20.484	875.229	0	20.956	2.736	9.025	33.143	131.051	3.343
109	4	16	1032.899	493.034	0	23.646	2.738	9.076	33.642	134.761	0.090
110	4	17	1013.466	492.354	0	24.806	2.704	8.818	32.033	125.330	0.260
111	4	18	997.555	489.967	0	24.898	2.764	9.242	34.538	139.460	15.510
112	4	19	978.290	492.004	0	25.075	2.749	9.148	34.014	136.644	5.824
113	4	20	959.723	493.392	0	24.231	2.714	8.900	32.547	128.297	0.340
114	4	21	942.320	496.715	0	24.213	2.731	9.018	33.212	131.877	1.742
115	4	22	922.289	495.322	0	23.965	2.736	9.042	33.333	132.493	1.386
116	4	23	905.053	494.478	0	23.835	2.739	9.085	33.693	135.031	1.105
117	4	24	885.030	489.173	0	22.095	2.772	9.339	35.287	144.489	5.589
118	4	25	868.348	489.290	0	23.096	2.727	9.000	33.171	131.956	2.608
119	4	26	847.482	491.338	0	22.545	2.809	9.532	36.088	147.282	6.467
120	4	27	828.287	489.073	0	23.840	2.774	9.325	35.066	142.594	0.004
121	4	28	809.614	489.888	0	23.765	2.754	9.187	34.274	138.158	8.172E-6
122	4	29	791.278	487.717	0	23.345	2.760	9.204	34.244	137.382	2.489E-5
123	4	30	769.307	484.198	0	23.247	2.761	9.233	34.484	139.051	0.011
124	4	31	749.894	483.728	0	23.793	2.776	9.329	35.020	141.930	0.002
125	4	32	730.207	483.508	0	21.830	2.768	9.291	34.895	141.657	4.620
126	4	33	711.184	484.862	0	21.815	2.794	9.483	36.047	148.287	3.209
127	4	34	692.903	487.983	0	20.970	2.830	9.762	37.815	158.850	3.385
128	4	35	670.818	485.610	0	20.161	2.855	9.856	38.035	158.607	3.746E-10
129	4	36	651.655	483.171	0	23.442	2.748	9.138	33.939	136.112	8.723
130	4	37	629.550	482.378	0	22.694	2.774	9.296	34.745	140.003	4.009
131	4	38	610.263	479.819	0	22.857	2.777	9.329	35.010	141.833	0.168
132	4	39	589.040	479.765	0	24.170	2.784	9.381	35.327	143.728	1.597E-7
133	4	40	574.092	477.517	0	24.722	2.737	9.068	33.565	134.185	6.224E-9
134	4	41	556.215	477.075	0	24.187	2.751	9.174	34.220	137.996	2.396E-8
135	4	42	538.014	479.348	0	24.912	2.747	9.137	33.969	136.464	4.297E-25
136	4	43	518.718	482.239	0	24.860	2.729	9.000	33.108	131.372	1.532E-18
137	4	44	499.503	484.224	0	24.319	2.758	9.190	34.161	136.908	2.551E-15
138	4	45	475.058	483.744	0	23.330	2.777	9.335	35.083	142.473	0.003
139	4	46	455.104	483.374	0	23.413	2.746	9.132	33.940	136.291	7.988E-8
140	4	47	436.875	486.156	0	22.402	2.831	9.725	37.413	155.788	1.410E-4
141	4	48	416.771	483.944	0	21.080	2.806	9.570	36.604	151.652	3.343
142	4	49	399.037	483.423	0	19.255	2.936	10.608	43.601	197.254	3.224E-32
143	4	50	378.133	482.890	0	24.501	3.258	13.100	59.970	301.153	3.368E-40
144	4	51	361.069	482.309	0	19.403	2.838	9.816	38.199	161.616	9.217E-12
145	4	52	346.906	483.924	0	20.365	2.849	9.915	38.895	166.170	0.001
146	4	53	322.600	482.698	0	20.831	2.781	9.375	35.355	144.130	2.915E-5
147	4	54	309.360	484.882	0	19.556	2.841	9.799	37.874	158.419	1.361E-26
148	4	55	288.835	485.810	0	18.298	2.879	10.102	39.844	170.576	0
149	4	56	271.772	487.870	0	16.567	3.074	11.583	49.383	229.747	0
150	4	57	255.243	484.947	0	19.165	2.845	9.849	38.285	161.434	0
151	4	58	236.715	485.244	0	18.654	2.844	9.838	38.220	161.121	2.007E-33
152	4	59	216.027	487.662	0	17.711	2.946	10.647	43.554	194.639	0
153	4	60	199.571	489.435	0	17.626	2.926	10.441	41.954	183.303	0
154	5	40	1023.018	817.925	0	21.402	2.891	10.202	40.573	175.685	4.099E-4
155	5	41	1005.302	817.971	0	21.024	2.864	9.977	39.036	165.786	0.005
156	5	42	986.364	815.047	0	18.784	2.977	10.876	44.969	203.083	1.633E-18
157	5	45	942.564	812.555	0	19.493	2.907	10.318	41.212	178.767	2.197E-15
158	5	46	922.517	815.969	0	21.568	2.831	9.777	38.036	161.011	0.022
159	5	47	902.461	816.019	0	23.875	2.771	9.326	35.194	143.930	1.390E-4
160	5	48	883.896	817.168	0	23.582	2.772	9.323	35.109	143.108	3.040E-13
161	5	49	866.724	816.118	0	22.904	2.765	9.287	34.954	142.494	3.224E-32
162	5	50	851.973	814.262	0	21.491	2.866	9.991	39.098	165.870	3.368E-40
163	5	51	832.106	816.225	0	21.777	2.843	9.837	38.204	160.882	9.217E-12
164	5	52	813.852	819.282	0	21.698	2.810	9.599	36.786	152.771	0.001
165	5	53	795.584	825.528	0	22.446	2.809	9.563	36.400	149.700	2.915E-5
166	5	54	777.852	826.912	0	23.081	2.817	9.612	36.705	151.602	1.361E-26
167	5	55	756.954	826.533	0	23.377	2.754	9.216	34.556	140.253	0
168	5	56	731.515	827.573	0	22.841	2.768	9.244	34.388	137.801	0
169	5	57	714.832	828.192	0	24.734	2.742	9.112	33.852	135.937	0
170	5	58	692.562	832.880	0	22.579	2.783	9.383	35.378	144.115	2.007E-33
171	5	59	677.248	835.159	0	22.698	2.819	9.642	36.932	153.079	0
172	5	60	655.172	833.212	0	22.351	2.840	9.779	37.701	157.249	0
173	5	61	636.507	836.728	0	23.152	2.763	9.239	34.517	139.228	2.490
174	5	62	620.527	839.610	0	24.506	2.743	9.090	33.567	133.506	9.046
175	5	63	604.253	838.733	0	23.706	2.775	9.302	34.790	140.339	0.170
176	5	64	584.134	838.294	0	23.101	2.783	9.392	35.446	144.595	3.288E-7
177	5	65	568.791	839.005	0	22.887	2.825	9.700	37.361	156.022	4.346E-10
178	5	66	544.784	836.421	0	23.662	2.746	9.114	33.749	134.751	1.006
179	5	67	527.420	837.782	0	22.181	2.773	9.310	34.933	141.561	4.698E-33
180	5	68	504.442	838.829	0	21.063	2.849	9.833	37.949	158.258	0
181	5	69	482.503	837.248	0	21.173	2.818	9.638	36.936	153.217	0
182	5	70	466.729	842.130	0	19.507	2.927	10.462	42.111	184.330	0
183	5	71	449.550	840.285	0	19.999	2.838	9.785	37.828	158.341	0
184	6	61	1031.104	1180.624	0	22.573	2.737	9.050	33.408	133.133	2.490
185	6	62	1005.081	1178.666	0	24.834	2.731	9.018	33.248	132.292	9.046
186	6	63	984.324	1175.883	0	24.650	2.757	9.177	34.076	136.506	0.170
187	6	64	963.479	1173.327	0	24.928	2.723	8.942	32.694	128.703	3.288E-7
188	6	65	940.276	1177.060	0	25.084	2.804	9.501	35.918	146.506	4.346E-10
189	6	66	918.996	1174.949	0	23.100	2.813	9.600	36.705	152.049	1.006
190	6	67	900.211	1176.919	0	26.107	2.748	9.125	33.833	135.448	4.698E-33
191	6	68	880.242	1178.311	0	25.965	2.749	9.121	33.742	134.560	0
192	6	69	859.276	1182.655	0	26.431	2.758	9.173	33.993	135.738	0
193	6	70	837.527	1184.793	0	26.644	2.744	9.081	33.469	132.875	0
194	6	71	814.486	1184.959	0	26.804	2.790	9.410	35.456	144.310	0
195	6	72	794.042	1184.072	0	27.560	2.771	9.271	34.629	139.725	3.4e38
196	6	73	776.394	1183.931	0	27.610	2.754	9.141	33.827	135.070	3.4e38
197	6	74	757.507	1182.080	0	27.654	2.770	9.236	34.300	137.274	3.4e38
198	6	75	736.711	1183.816	0	27.559	2.767	9.213	34.161	136.458	3.4e38
199	6	76	714.136	1188.347	0	26.802	2.788	9.384	35.236	142.727	3.4e38
200	6	77	696.346	1190.289	0	26.543	2.762	9.214	34.284	137.619	0
201	6	78	678.203	1192.351	0	27.300	2.762	9.196	34.144	136.740	0
202	6	79	660.114	1192.026	0	27.532	2.789	9.399	35.399	144.131	0
203	6	80	642.103	1188.741	0	27.819	2.775	9.269	34.505	138.477	0
204	6	81	623.283	1192.018	0	27.210	2.786	9.378	35.267	143.314	0
205	6	82	604.178	1194.752	0	27.400	2.769	9.240	34.369	137.843	0
206	6	83	579.499	1194.027	0	26.282	2.790	9.414	35.492	144.528	0
207	6	84	559.834	1191.283	0	26.530	2.748	9.121	33.785	135.047	0
208	6	85	537.553	1184.790	0	27.093	2.731	8.985	32.930	130.053	0
209	6	86	520.265	1187.598	0	26.304	2.746	9.105	33.650	134.057	4.326E-15
210	6	87	501.243	1191.238	0	25.058	2.771	9.294	34.842	141.047	0
211	6	88	480.571	1194.114	0	24.008	2.823	9.652	36.903	152.456	8.894E-10
212	6	89	461.959	1196.422	0	24.697	2.795	9.451	35.724	145.914	4.074E-31
213	6	90	438.654	1194.713	0	24.349	2.790	9.410	35.437	144.028	1.243E-15
214	6	91	417.997	1195.603	0	23.426	2.827	9.680	37.082	153.517	1.488E-18
215	6	92	397.820	1196.265	0	22.985	2.780	9.361	35.239	143.363	3.375E-30
216	6	93	378.204	1193.989	0	24.498	2.777	9.352	35.282	144.124	3.851E-4
217	6	94	361.660	1198.310	0	23.627	2.779	9.330	34.939	141.036	6.979E-32
218	6	95	341.405	1195.288	0	24.293	2.742	9.082	33.550	133.583	6.221E-12
219	6	96	323.592	1192.555	0	23.567	2.742	9.080	33.514	133.267	3.628E-36
220	6	97	303.094	1193.014	0	23.926	2.786	9.418	35.648	146.046	1.259E-13
221	6	98	281.171	1193.847	0	23.122	2.784	9.385	35.361	143.961	4.226E-10
222	6	99	264.063	1194.651	0	21.490	2.800	9.504	36.090	148.127	3.115
223	6	100	243.416	1195.011	0	21.222	2.807	9.562	36.489	150.720	8.991E-6
224	6	101	224.734	1197.944	0	19.981	2.844	9.810	37.879	158.161	4.272E-20
225	7	77	339.958	843.184	0	17.935	2.966	10.788	44.381	199.276	4.464E-18
226	7	79	307.287	844.188	0	19.597	2.842	9.822	38.082	160.026	0
227	7	80	288.750	844.005	0	19.535	2.868	10.012	39.278	167.267	1.664E-18
228	8	77	887.205	1285.602	0	20.815	3.062	11.286	46.329	204.805	4.464E-18
229	8	78	862.468	1286.813	0	22.060	2.989	10.758	43.111	186.011	0
230	8	80	816.279	1285.285	0	22.355	3.007	10.900	44.080	192.335	1.664E-18
231	8	81	791.206	1283.129	0	21.402	3.090	11.518	47.960	215.616	7.006E-45
232	8	84	719.277	1287.455	0	20.935	3.108	11.627	48.494	217.972	0
233	8	85	696.641	1286.647	0	22.865	3.027	11.016	44.643	194.817	0
234	8	86	670.047	1285.856	0	24.270	2.997	10.845	43.832	191.219	4.326E-15
235	8	87	645.885	1287.737	0	21.429	3.203	12.427	54.133	255.961	0
236	8	88	618.629	1287.112	0	22.478	3.047	11.194	45.892	202.881	8.894E-10
237	8	89	597.929	1280.062	0	21.674	3.124	11.777	49.591	225.347	4.074E-31
238	8	90	571.087	1280.425	0	22.290	3.045	11.193	45.945	203.547	1.243E-15
239	8	91	545.636	1279.827	0	21.192	3.108	11.623	48.427	217.311	1.488E-18
240	8	92	516.343	1279.827	0	20.256	3.149	11.944	50.531	230.458	3.375E-30
241	9	81	236.750	609.577	0	17.220	2.821	9.678	37.229	155.035	7.006E-45
242	9	82	217.931	611.695	0	17.357	2.822	9.716	37.605	157.963	0
243	9	83	193.904	614.756	0	18.030	2.811	9.593	36.659	151.590	0
244	9	87	126.632	627.830	0	16.301	2.863	9.992	39.172	166.544	0
245	10	93	1021.195	958.249	0	25.284	2.957	10.580	42.355	183.421	3.851E-4
246	10	94	995.996	959.978	0	27.431	2.872	9.985	38.865	163.842	6.979E-32
247	10	95	970.934	962.360	0	26.127	2.959	10.616	42.690	186.089	6.221E-12
248	10	96	946.757	959.546	0	27.643	2.823	9.595	36.293	147.785	3.628E-36
249	10	97	923.261	961.747	0	27.202	2.832	9.666	36.776	150.774	5.705E-23
250	10	98	898.339	961.525	0	27.201	2.824	9.610	36.399	148.385	9.303E-36
251	10	99	875.343	958.794	0	27.289	2.824	9.610	36.414	148.592	0
252	10	100	855.569	958.086	0	26.507	2.875	9.965	38.520	160.571	0
253	10	101	826.122	954.887	0	27.151	2.841	9.746	37.312	154.188	3.835E-38
254	10	102	805.713	953.664	0	27.477	2.813	9.527	35.918	145.798	0
255	10	103	780.507	948.959	0	28.463	2.813	9.520	35.901	145.944	0
256	10	104	757.085	945.703	0	28.377	2.831	9.657	36.721	150.629	1.892E-43
257	10	105	742.067	949.203	0	28.012	2.847	9.784	37.529	155.442	5.374E-31
258	10	106	715.216	947.118	0	27.616	2.832	9.676	36.879	151.616	2.662E-43
259	10	107	693.080	946.118	0	28.258	2.837	9.705	37.044	152.656	4.373E-31
260	10	108	666.329	950.660	0	27.696	2.829	9.619	36.376	147.952	3.738E-24
261	10	109	641.026	956.827	0	27.629	2.845	9.779	37.542	155.687	8.251E-21
262	10	110	619.872	958.766	0	27.085	2.859	9.851	37.847	156.752	4.868E-9
263	10	111	598.347	963.063	0	26.257	2.911	10.224	40.047	169.182	0.004
264	10	112	573.045	962.116	0	26.110	2.931	10.379	41.093	175.848	0.004
265	10	113	543.973	959.683	0	24.760	2.963	10.587	42.204	181.510	8.235E-9
266	10	114	517.239	962.390	0	23.186	3.019	10.967	44.390	193.524	1.304E-10
267	10	117	438.544	966.056	0	22.496	3.036	11.091	45.151	198.055	4.216E-15
268	10	120	349.293	967.724	0	22.866	2.960	10.535	41.733	177.903	1.544E-5
269	10	121	321.486	969.168	0	22.938	2.937	10.392	40.961	173.923	0.004
270	10	123	266.449	973.546	0	22.396	2.931	10.337	40.573	171.329	0.001
271	10	124	239.497	980.267	0	22.094	2.941	10.404	40.975	173.699	0.094
272	10	125	209.665	978.611	0	22.221	2.921	10.262	40.109	168.622	0.248
273	10	126	189.021	976.835	0	21.797	2.977	10.687	42.812	185.079	4.532E-4
274	10	127	166.708	974.028	0	21.524	2.974	10.668	42.707	184.433	5.569E-8
275	10	128	147.171	972.719	0	22.037	2.936	10.385	40.955	174.051	0.129
276	10	129	124.272	970.836	0	22.252	2.930	10.338	40.637	172.112	8.160
277	10	130	106.484	969.559	0	22.274	2.865	9.881	37.908	156.414	0.469
278	10	131	80.954	970.111	0	22.174	2.897	10.144	39.694	167.798	0.037
279	10	132	52.327	966.689	0	22.277	2.836	9.686	36.834	150.792	0.006
280	10	133	25.103	963.288	0	22.021	2.900	10.153	39.679	167.400	0.018
281	11	97	1019.526	1277.443	0	21.404	2.740	9.049	33.252	131.493	1.259E-13
282	11	98	998.045	1278.867	0	20.935	2.826	9.680	37.133	154.189	4.226E-10
283	11	99	978.315	1276.684	0	21.940	2.753	9.152	33.915	135.449	3.115
284	11	100	958.703	1277.000	0	19.538	2.780	9.357	35.229	143.418	8.991E-6
285	11	101	938.480	1280.950	0	22.980	2.744	9.118	33.871	135.972	4.272E-20
286	11	102	920.437	1279.299	0	22.480	2.735	9.029	33.225	131.744	0
287	11	103	901.909	1277.984	0	23.197	2.821	9.657	37.045	154.000	0
288	11	104	877.403	1279.483	0	23.931	2.728	8.973	32.863	129.564	1.892E-43
289	11	105	856.715	1282.016	0	24.229	2.782	9.351	35.102	142.274	5.374E-31
290	11	106	833.854	1283.855	0	23.134	2.794	9.408	35.319	143.020	2.662E-43
291	11	107	811.245	1281.745	0	24.498	2.745	9.080	33.445	132.678	4.373E-31
292	11	108	788.481	1282.907	0	24.329	2.816	9.568	36.255	148.130	3.738E-24
293	11	109	764.325	1280.852	0	24.507	2.812	9.542	36.099	147.206	8.251E-21
294	11	110	743.894	1280.571	0	25.042	2.790	9.391	35.249	142.613	4.868E-9
295	11	111	717.193	1285.114	0	25.246	2.793	9.420	35.454	144.012	0.004
296	11	112	695.083	1281.162	0	25.104	2.814	9.565	36.317	148.913	0.004
297	11	113	672.037	1278.637	0	26.420	2.783	9.352	35.059	141.764	8.235E-9
298	11	114	649.726	1278.622	0	25.051	2.760	9.186	34.035	135.753	5.727E-14
299	11	115	625.011	1277.178	0	25.907	2.761	9.218	34.381	138.483	0
300	11	116	605.955	1281.401	0	25.841	2.747	9.111	33.701	134.436	2.752E-30
301	11	117	584.883	1281.266	0	25.616	2.750	9.136	33.865	135.446	5.901E-29
302	11	118	561.380	1279.258	0	25.363	2.734	9.023	33.205	131.727	2.080E-41
303	11	119	542.718	1279.080	0	24.257	2.804	9.516	36.092	147.872	9.187E-7
304	11	120	520.627	1280.492	0	23.727	2.748	9.111	33.644	133.783	1.544E-5
305	11	121	499.315	1282.122	0	23.743	2.786	9.383	35.280	143.199	0.004
306	11	122	480.233	1281.450	0	22.133	2.750	9.158	34.074	136.840	3.726E-5
307	11	123	465.383	1280.561	0	21.808	2.738	9.085	33.679	134.749	0.001
308	11	124	445.509	1283.733	0	21.885	2.792	9.412	35.379	143.368	0.094
309	11	125	427.048	1285.207	0	21.953	2.784	9.390	35.415	144.381	0.248
310	11	126	408.854	1290.440	0	21.932	2.764	9.247	34.556	139.395	4.532E-4
311	11	127	389.125	1293.660	0	22.761	2.749	9.131	33.847	135.401	5.569E-8
312	11	128	369.525	1296.975	0	22.343	2.779	9.348	35.144	142.792	0.046
313	11	129	351.192	1294.764	0	21.771	2.774	9.304	34.820	140.577	0.024
314	11	131	298.049	1286.904	0	19.461	2.832	9.741	37.559	156.921	7.268E-16
315	11	132	281.063	1282.104	0	18.457	2.864	9.976	39.005	165.320	2.215E-31
316	11	133	263.385	1281.170	0	17.308	2.855	9.915	38.628	163.069	0
317	11	134	243.244	1282.611	0	16.778	2.857	9.899	38.386	160.934	0
318	11	135	223.951	1279.352	0	15.616	2.932	10.467	41.981	182.564	0.014
319	12	112	1023.547	298.460	0	22.457	2.736	9.061	33.497	133.576	2.763E-15
320	12	113	1001.462	300.313	0	21.543	2.822	9.628	36.674	150.714	5.360E-24
321	12	114	979.748	301.691	0	21.970	2.739	9.062	33.443	133.043	1.303E-10
322	12	115	959.026	298.724	0	21.146	2.739	9.106	33.906	136.630	0
323	12	116	940.526	302.750	0	22.087	2.784	9.376	35.230	142.758	2.752E-30
324	12	117	924.222	304.414	0	20.492	2.772	9.314	35.014	142.302	4.216E-15
325	12	118	908.273	304.607	0	18.724	2.858	9.962	39.077	166.570	8.134E-25
326	12	119	885.200	307.286	0	19.502	2.845	9.871	38.505	163.092	3.347E-28
327	12	120	866.304	309.843	0	18.164	2.924	10.453	42.152	185.135	0
328	13	118	403.365	964.116	0	21.756	3.094	11.529	47.925	214.828	8.134E-25
329	13	119	378.069	966.680	0	23.003	3.000	10.844	43.716	190.072	9.187E-7
330	14	128	1031.265	762.905	0	21.086	2.984	10.769	43.507	190.252	0.083
331	14	130	976.343	762.707	0	22.846	2.952	10.497	41.588	177.515	0.463
332	14	131	949.954	761.730	0	23.208	2.953	10.524	41.848	179.570	0.037
333	14	132	926.536	762.337	0	23.231	2.952	10.506	41.672	178.116	0.006
334	14	133	903.173	762.166	0	23.023	2.983	10.744	43.222	187.854	0.018
335	14	134	880.388	762.681	0	23.918	2.899	10.112	39.263	164.075	1.590E-19
336	14	135	859.548	763.195	0	16.149	2.793	9.406	35.292	142.654	0.014
337	14	136	835.962	761.608	0	24.061	2.869	9.932	38.353	159.777	4.211E-13
338	14	137	810.841	758.738	0	24.148	2.872	9.937	38.311	159.202	1.625E-19
339	14	138	789.089	757.107	0	24.395	2.908	10.217	40.117	170.224	3.612E-18
340	14	139	762.852	758.526	0	23.739	2.893	10.086	39.166	163.824	1.157E-11
341	14	140	744.110	756.717	0	22.292	2.948	10.478	41.563	177.912	0.017
342	14	141	717.190	754.391	0	22.885	2.949	10.467	41.365	176.072	9.471E-6
343	14	142	690.113	753.305	0	23.311	2.907	10.201	39.962	168.941	0
344	14	143	668.203	754.560	0	23.656	2.898	10.116	39.324	164.623	1.531E-9
345	14	144	644.366	752.588	0	22.212	2.973	10.640	42.402	181.953	3.612E-8
346	14	145	617.948	748.012	0	22.696	3.005	10.936	44.583	196.825	0.401
347	14	146	593.251	749.630	0	22.813	2.926	10.308	40.442	170.855	7.633
348	14	147	564.135	749.304	0	22.323	2.954	10.531	41.881	179.628	1.882
349	14	148	542.474	749.895	0	22.534	2.943	10.430	41.176	175.098	10.441
350	14	149	517.797	748.357	0	22.867	2.910	10.217	39.990	168.697	0.839
351	14	150	493.094	754.896	0	24.043	2.879	10.008	38.848	162.788	12.437
352	14	151	469.815	754.762	0	22.836	2.916	10.239	40.055	168.862	0.003
353	14	152	447.674	760.030	0	21.543	2.851	9.832	37.884	157.668	0.002
354	14	153	428.563	761.120	0	23.626	2.837	9.707	37.017	152.140	0.074
355	14	154	408.928	764.916	0	23.084	2.898	10.152	39.761	168.332	5.621E-6
356	14	155	389.351	762.599	0	23.452	2.835	9.664	36.633	149.294	0.580
357	14	156	369.264	760.266	0	23.843	2.816	9.549	36.056	146.590	0.295
358	14	157	343.711	759.617	0	23.336	2.832	9.671	36.792	150.793	0.001
359	14	158	321.065	758.272	0	24.057	2.812	9.558	36.271	148.566	0.177
360	14	159	301.768	759.291	0	23.900	2.812	9.534	36.014	146.576	0.006
361	14	160	279.302	758.815	0	23.761	2.798	9.436	35.451	143.444	0.004
362	14	161	256.251	759.563	0	23.952	2.763	9.209	34.190	136.708	0.007
363	14	162	237.892	761.413	0	23.589	2.772	9.280	34.648	139.557	0.383
364	14	163	218.266	760.531	0	23.242	2.763	9.207	34.168	136.544	1.115E-4
365	14	164	193.601	757.657	0	23.054	2.738	9.043	33.257	131.702	0.003
366	14	165	168.937	753.356	0	22.609	2.720	8.928	32.673	128.961	3.476E-6
367	14	166	146.215	753.573	0	21.641	2.723	8.945	32.733	129.072	0.004
368	14	167	120.995	751.257	0	21.298	2.771	9.274	34.632	139.560	0.050
369	14	169	76.016	750.765	0	22.145	2.821	9.622	36.672	151.009	0.008
370	14	170	54.451	745.744	0	21.805	2.796	9.419	35.319	142.541	0.005
371	14	171	26.686	751.611	0	21.672	2.810	9.512	35.862	145.596	5.711E-5
372	15	134	1016.794	939.031	0	21.748	3.184	12.234	52.520	243.423	1.590E-19
373	15	135	993.273	939.657	0	21.056	3.199	12.322	52.905	244.824	0
374	15	136	970.089	939.728	0	22.272	3.113	11.680	48.915	221.044	4.211E-13
375	15	137	943.621	935.604	0	21.678	3.118	11.699	48.911	220.341	1.625E-19
376	15	138	920.732	935.545	0	21.849	3.115	11.667	48.685	218.779	3.612E-18
377	15	139	894.932	939.466	0	22.097	3.124	11.787	49.739	226.979	1.157E-11
378	15	140	869.270	943.097	0	22.354	3.106	11.647	48.792	220.728	0.017
379	15	141	842.404	944.646	0	21.639	3.105	11.613	48.435	217.727	9.471E-6
380	15	143	791.218	946.105	0	22.263	3.121	11.750	49.391	224.108	1.531E-9
381	15	144	768.508	945.514	0	21.023	3.194	12.243	52.226	239.658	5.282E-7
382	16	141	860.064	315.955	0	16.229	3.027	11.311	48.045	223.617	0
383	16	142	843.274	316.641	0	16.637	2.947	10.646	43.462	193.554	0.002
384	17	142	998.604	1364.842	0	17.899	3.037	11.129	45.507	200.722	0.002
385	17	143	973.311	1361.349	0	18.935	2.995	10.804	43.420	187.942	1.660E-25
386	17	144	953.903	1362.839	0	20.019	2.973	10.678	42.859	185.799	4.932E-7
387	17	145	930.114	1362.378	0	21.040	2.921	10.289	40.407	171.109	0.094
388	17	146	906.796	1361.451	0	21.248	2.956	10.519	41.689	177.933	0.007
389	17	147	881.410	1361.488	0	22.535	2.868	9.900	38.020	157.044	1.741
390	17	148	854.017	1360.018	0	22.810	2.952	10.540	42.123	182.229	10.257
391	17	149	836.219	1358.969	0	23.621	2.886	10.052	39.095	164.122	0.809
392	17	150	810.675	1359.837	0	24.179	2.855	9.831	37.731	156.042	12.407
393	17	151	788.059	1360.995	0	25.248	2.857	9.874	38.167	159.497	2.942E-9
394	17	152	765.973	1362.827	0	23.020	2.861	9.922	38.536	162.028	14.334
395	17	153	742.257	1364.848	0	25.886	2.795	9.422	35.395	143.326	8.691E-11
396	17	154	718.220	1358.682	0	26.221	2.720	8.931	32.681	128.901	9.147E-8
397	17	155	692.825	1356.888	0	27.425	2.782	9.343	35.032	141.820	3.539E-33
398	17	156	668.910	1356.297	0	25.064	2.864	9.910	38.263	159.406	0.006
399	17	157	644.003	1356.432	0	25.573	2.876	9.988	38.717	161.926	0.280
400	17	158	626.439	1357.711	0	26.669	2.801	9.445	35.442	143.133	2.527E-14
401	17	159	603.199	1355.439	0	25.280	2.860	9.845	37.738	155.794	6.775
402	17	160	580.591	1352.780	0	25.164	2.854	9.805	37.487	154.226	0.493
403	17	161	554.593	1347.917	0	24.842	2.894	10.095	39.272	164.763	2.936
404	17	162	531.862	1348.734	0	24.574	2.893	10.100	39.337	165.279	1.258
405	17	163	511.273	1350.019	0	24.547	2.885	10.066	39.247	165.351	0.003
406	17	164	485.206	1351.677	0	23.528	2.917	10.260	40.256	170.328	0.005
407	17	165	459.828	1354.143	0	22.484	2.973	10.676	42.818	185.398	11.248
408	17	166	434.765	1355.191	0	22.680	2.921	10.286	40.384	170.917	0.045
409	17	167	406.515	1355.035	0	23.298	2.883	10.026	38.885	162.661	3.387E-9
410	17	168	381.479	1355.951	0	23.613	2.862	9.880	38.017	157.676	0.023
411	17	169	358.040	1351.979	0	23.211	2.909	10.244	40.400	172.444	0.013
412	17	170	338.438	1354.117	0	22.995	2.862	9.882	38.042	157.844	0.005
413	17	171	312.935	1359.894	0	23.234	2.844	9.769	37.473	155.191	5.711E-5
414	17	172	290.627	1362.205	0	23.130	2.803	9.472	35.656	144.549	1.466E-13
415	17	173	268.680	1358.862	0	23.178	2.793	9.411	35.360	143.240	3.518E-10
416	17	174	246.900	1359.675	0	22.538	2.810	9.528	36.036	146.971	4.680E-17
417	17	175	223.472	1359.601	0	22.454	2.768	9.226	34.208	136.475	1.062E-24
418	17	176	198.753	1360.174	0	21.810	2.796	9.436	35.538	144.475	1.401E-45
419	17	177	181.183	1359.304	0	21.180	2.746	9.092	33.546	133.397	0
420	17	178	161.744	1362.258	0	21.638	2.752	9.144	33.873	135.307	2.942E-11
421	18	144	1036.296	342.436	0	6.868	2.040	5.224	15.232	48.651	0
422	18	145	1012.971	343.712	0	22.050	2.934	10.372	40.875	173.711	0.495
423	18	146	988.906	340.295	0	22.448	2.907	10.190	39.843	168.019	7.640
424	18	147	966.515	336.819	0	21.353	2.966	10.597	42.186	180.938	0.143
425	18	148	939.895	337.383	0	21.599	2.951	10.507	41.739	178.906	0.205
426	18	149	915.220	341.731	0	21.758	2.937	10.385	40.915	173.692	0.029
427	18	152	839.144	342.199	0	22.882	2.873	9.963	38.541	160.844	14.335
428	18	155	775.684	342.486	0	22.583	2.845	9.730	36.991	151.168	0.359
429	18	156	752.991	338.428	0	22.402	2.899	10.143	39.626	167.121	5.794E-4
430	18	157	724.054	339.689	0	21.924	2.916	10.257	40.268	170.580	1.345E-4
431	18	159	681.784	344.511	0	22.179	2.895	10.087	39.099	163.050	1.273E-6
432	18	160	660.189	341.471	0	21.953	2.908	10.172	39.613	166.090	1.591E-5
433	18	164	562.940	341.707	0	21.199	2.974	10.668	42.734	184.852	2.836
434	18	166	514.785	346.612	0	21.598	2.917	10.234	39.947	167.795	0.049
435	18	167	489.220	344.081	0	21.169	2.928	10.339	40.748	173.283	0.050
436	19	150	600.361	944.639	0	23.594	3.027	11.028	44.749	195.513	0.034
437	19	151	570.723	945.945	0	23.645	3.051	11.257	46.473	207.420	0.003
438	19	154	484.111	951.703	0	24.804	2.918	10.268	40.279	170.344	5.712E-6
439	19	155	464.267	948.720	0	23.678	2.961	10.560	41.964	179.604	0.223
440	19	156	443.408	947.070	0	23.811	2.944	10.444	41.291	175.978	0.292
441	19	157	423.462	944.236	0	24.674	2.881	9.995	38.588	160.325	0.281
442	19	158	397.726	942.984	0	24.185	2.950	10.498	41.687	178.603	0.177
443	19	159	371.886	940.098	0	25.007	2.900	10.156	39.719	167.785	6.779
444	19	160	348.208	939.658	0	23.523	2.981	10.719	42.994	186.016	0.006
445	19	161	319.286	935.003	0	23.756	2.964	10.594	42.244	181.650	0.015
446	19	162	297.733	934.636	0	23.859	2.897	10.101	39.197	163.687	2.143
447	19	164	243.365	927.830	0	21.784	2.983	10.720	42.916	185.022	2.840
448	19	165	220.244	926.970	0	22.280	3.000	10.843	43.738	190.363	11.248
449	20	152	538.325	950.808	0	24.883	2.944	10.437	41.237	175.556	1.328E-7
450	20	153	508.831	951.399	0	23.763	2.985	10.734	43.039	186.033	0.074
451	21	160	1018.946	856.628	0	24.834	2.960	10.571	42.155	181.541	0.495
452	21	161	991.860	864.602	0	25.121	2.964	10.606	42.382	182.921	2.919
453	21	162	964.776	866.043	0	23.763	3.008	10.920	44.257	193.579	0.551
454	21	163	940.716	867.259	0	23.456	2.995	10.812	43.516	188.776	0.003
455	21	164	915.354	867.827	0	22.875	3.079	11.426	47.303	211.202	0.006
456	21	165	890.864	870.982	0	25.716	2.941	10.449	41.493	177.995	2.544E-22
457	21	166	870.379	871.629	0	26.132	2.880	9.988	38.566	160.254	1.394E-25
458	21	167	850.137	870.960	0	26.433	2.916	10.277	40.493	172.382	5.296E-21
459	21	168	823.647	872.616	0	27.411	2.826	9.611	36.347	147.798	6.362E-15
460	21	169	802.549	876.133	0	26.903	2.860	9.853	37.813	156.306	1.474E-12
461	21	170	775.481	877.769	0	27.610	2.821	9.584	36.227	147.344	6.647E-14
462	21	171	751.476	878.591	0	28.508	2.786	9.321	34.643	138.388	1.471E-19
463	21	172	733.643	880.628	0	28.280	2.798	9.405	35.151	141.273	2.572E-14
464	21	173	712.611	881.492	0	28.364	2.780	9.278	34.403	137.101	1.599E-19
465	21	174	688.638	884.036	0	28.342	2.797	9.420	35.364	143.162	6.279E-19
466	21	175	664.054	882.953	0	28.667	2.818	9.575	36.292	148.490	7.523E-17
467	21	176	643.896	885.636	0	28.725	2.819	9.553	36.042	146.510	3.888E-11
468	21	177	623.390	884.140	0	28.201	2.820	9.577	36.226	147.596	1.476E-7
469	21	178	602.784	883.280	0	28.275	2.791	9.368	34.991	140.693	1.111E-14
470	21	179	585.061	881.978	0	28.158	2.818	9.585	36.431	149.671	1.334E-5
471	21	180	562.999	883.132	0	27.413	2.822	9.629	36.757	151.798	3.703E-6
472	21	181	543.604	878.827	0	28.142	2.760	9.158	33.799	134.295	2.472E-22
473	21	182	518.283	878.350	0	27.566	2.792	9.389	35.148	141.672	0.003
474	21	183	497.055	878.083	0	28.190	2.786	9.363	35.132	142.394	9.507E-15
475	21	184	474.281	880.823	0	27.840	2.776	9.280	34.536	138.447	0.100
476	21	185	453.005	878.050	0	27.312	2.814	9.587	36.581	151.190	1.748
477	21	186	428.884	882.560	0	27.062	2.780	9.324	34.853	140.434	3.195
478	21	187	409.766	887.200	0	27.235	2.774	9.269	34.492	138.274	10.718
479	21	188	388.890	888.491	0	26.848	2.785	9.360	35.066	141.634	1.114
480	21	189	364.379	887.508	0	26.800	2.754	9.129	33.674	133.631	5.099
481	21	190	339.356	885.461	0	26.435	2.772	9.254	34.388	137.512	10.657
482	21	191	320.008	881.578	0	26.545	2.768	9.259	34.568	139.328	2.343
483	21	192	295.486	877.979	0	26.132	2.782	9.355	35.146	142.649	9.389
484	21	193	277.633	881.060	0	26.050	2.796	9.427	35.453	143.816	12.556
485	21	194	255.976	879.355	0	25.512	2.797	9.446	35.584	144.605	12.291
486	21	196	215.068	873.246	0	24.279	2.869	9.934	38.387	160.053	8.601
487	21	198	171.768	868.411	0	24.063	2.831	9.655	36.658	149.838	7.634
488	22	168	1031.224	850.077	0	24.754	2.847	9.784	37.525	155.360	0.023
489	22	169	1001.953	852.594	0	24.470	2.898	10.138	39.592	166.919	0.005
490	22	170	984.415	854.335	0	25.037	2.820	9.574	36.163	146.935	8.773E-9
491	22	171	962.663	853.197	0	25.472	2.797	9.425	35.370	142.944	1.177E-10
492	22	172	942.024	857.581	0	25.672	2.807	9.508	35.945	146.656	1.723E-13
493	22	173	920.847	856.303	0	25.367	2.843	9.754	37.347	154.293	3.518E-10
494	22	174	893.609	856.999	0	25.371	2.842	9.747	37.295	153.946	4.743E-17
495	22	175	867.701	857.257	0	25.843	2.816	9.558	36.135	147.166	7.523E-17
496	22	176	843.711	855.138	0	26.425	2.780	9.315	34.787	139.987	3.888E-11
497	22	177	821.615	852.573	0	26.326	2.756	9.149	33.786	134.235	1.476E-7
498	22	178	799.323	850.847	0	25.646	2.826	9.629	36.553	149.510	1.554E-10
499	22	179	779.682	852.307	0	26.532	2.760	9.189	34.062	135.951	1.334E-5
500	22	180	763.360	852.638	0	25.669	2.809	9.501	35.779	145.048	3.703E-6
501	22	181	736.121	852.075	0	25.035	2.886	10.080	39.411	166.815	2.472E-22
502	22	182	713.604	852.601	0	26.251	2.773	9.264	34.436	137.712	0.003
503	22	183	693.191	855.568	0	25.416	2.842	9.739	37.205	153.291	13.728
504	22	184	671.268	853.248	0	26.854	2.744	9.076	33.423	132.585	3.045
505	22	185	647.529	852.728	0	26.972	2.737	9.017	33.061	130.497	1.749
506	22	186	628.698	850.321	0	26.499	2.773	9.259	34.408	137.579	3.718
507	22	187	601.943	853.329	0	26.954	2.769	9.247	34.415	138.076	10.718
508	22	188	585.988	854.259	0	26.150	2.813	9.572	36.392	149.510	1.115
509	22	189	564.790	854.195	0	26.299	2.784	9.345	34.936	140.677	19.593
510	22	190	543.324	855.443	0	25.966	2.766	9.213	34.134	136.037	13.578
511	22	191	520.331	857.377	0	25.371	2.782	9.323	34.780	139.646	0.016
512	22	192	495.635	858.442	0	26.122	2.738	9.030	33.125	130.739	9.388
513	22	193	480.909	856.317	0	25.944	2.766	9.235	34.374	137.936	12.514
514	22	194	460.432	858.569	0	25.680	2.773	9.264	34.432	137.671	12.046
515	22	195	437.172	855.798	0	24.671	2.764	9.204	34.116	136.154	2.655E-14
516	22	196	414.635	856.825	0	24.957	2.865	9.904	38.170	158.570	2.043
517	22	198	367.743	860.761	0	22.969	2.717	8.917	32.664	129.147	9.655
518	22	199	342.520	862.815	0	24.742	2.746	9.093	33.551	133.388	10.475
519	22	200	323.208	864.061	0	24.404	2.803	9.487	35.837	146.121	1.712
520	22	201	300.902	861.699	0	24.479	2.780	9.330	34.902	140.739	1.604
521	22	202	281.915	860.275	0	24.200	2.763	9.206	34.203	137.024	0.070
522	22	203	260.533	864.604	0	22.997	2.761	9.190	34.059	135.852	8.088
523	22	204	240.722	862.797	0	23.827	2.741	9.070	33.450	132.976	0.002
524	22	205	225.087	863.655	0	22.954	2.734	9.033	33.296	132.398	10.364
525	22	206	204.075	866.101	0	22.556	2.771	9.303	34.949	141.993	0.133
526	22	207	183.160	866.086	0	22.636	2.767	9.252	34.541	139.249	0.002
527	22	209	140.250	866.640	0	22.088	2.812	9.533	36.008	146.550	2.983E-9
528	22	210	114.406	869.379	0	22.309	2.764	9.198	34.059	135.697	5.788E-8
529	22	212	71.471	870.232	0	21.786	2.740	9.067	33.451	133.003	3.227E-10
530	22	213	52.265	871.096	0	21.081	2.760	9.229	34.501	139.400	1.730E-4
531	22	215	6.349	876.647	0	20.580	2.722	8.930	32.607	128.162	6.096
532	23	178	807.953	1123.026	0	23.553	2.943	10.460	41.555	178.351	1.848E-10
533	23	180	758.480	1127.856	0	22.798	2.937	10.391	40.957	173.848	3.755E-19
534	23	182	709.544	1133.559	0	24.562	2.860	9.830	37.561	154.283	2.044E-6
535	23	183	685.274	1136.435	0	25.555	2.828	9.637	36.558	149.276	13.728
536	23	184	663.627	1130.806	0	26.387	2.796	9.422	35.363	142.961	2.946
537	23	185	642.337	1130.523	0	25.730	2.821	9.591	36.295	147.812	0.001
538	23	186	621.114	1127.872	0	25.847	2.845	9.765	37.412	154.709	0.531
539	23	187	600.837	1126.170	0	25.299	2.844	9.758	37.319	153.891	4.899E-6
540	23	188	576.367	1129.302	0	24.760	2.870	9.903	38.017	157.018	14.988
541	23	189	551.327	1131.615	0	26.009	2.803	9.451	35.441	142.929	14.332
542	23	190	530.883	1133.337	0	25.891	2.820	9.579	36.256	147.857	12.161
543	24	187	1036.014	1045.485	0	11.395	2.127	5.645	16.964	55.467	0
544	24	188	1015.355	1047.389	0	24.798	2.883	10.006	38.661	160.806	14.988
545	24	189	987.839	1048.764	0	26.431	2.845	9.763	37.354	154.125	11.208
546	24	190	967.919	1046.413	0	26.628	2.849	9.785	37.474	154.751	5.489
547	24	191	946.971	1042.686	0	27.556	2.808	9.509	35.926	146.472	0.449
548	24	192	923.713	1038.900	0	27.624	2.811	9.533	36.060	147.163	10.222
549	24	193	902.732	1041.355	0	27.114	2.800	9.448	35.499	143.608	0.175
550	24	194	880.500	1046.011	0	27.241	2.832	9.680	36.913	151.862	0.006
551	24	195	858.080	1050.199	0	27.371	2.811	9.540	36.138	147.733	8.199
552	24	196	837.396	1050.778	0	27.729	2.782	9.319	34.757	139.583	9.502
553	24	197	817.441	1051.557	0	27.827	2.767	9.200	34.007	135.168	2.022
554	24	198	793.100	1049.623	0	26.966	2.842	9.743	37.270	153.799	2.553
555	24	199	768.668	1049.057	0	26.939	2.864	9.897	38.146	158.555	13.062
556	24	200	746.595	1048.890	0	27.240	2.852	9.814	37.661	155.813	0.006
557	24	201	718.699	1052.263	0	28.497	2.790	9.351	34.842	139.650	9.006E-17
558	24	202	697.604	1050.947	0	28.585	2.807	9.490	35.772	145.429	1.580E-21
559	24	203	671.796	1051.727	0	28.729	2.791	9.362	34.958	140.570	4.635E-30
560	24	204	651.043	1054.284	0	28.978	2.790	9.363	35.003	141.080	4.266E-17
561	24	205	632.251	1057.717	0	28.126	2.823	9.597	36.312	147.897	1.295E-7
562	24	206	609.511	1058.364	0	28.273	2.799	9.414	35.198	141.480	1.303E-10
563	24	207	584.198	1060.064	0	28.500	2.823	9.604	36.421	149.001	2.156E-4
564	24	208	563.132	1059.363	0	28.988	2.776	9.255	34.323	137.058	8.378E-7
565	24	209	543.191	1058.476	0	28.198	2.786	9.334	34.792	139.570	9.973E-12
566	24	210	521.509	1056.924	0	28.294	2.782	9.315	34.743	139.714	4.845E-13
567	24	211	499.136	1058.132	0	28.163	2.782	9.322	34.822	140.281	9.119E-10
568	24	212	476.315	1062.659	0	27.736	2.783	9.318	34.692	138.926	4.443E-4
569	24	213	453.720	1066.445	0	27.795	2.790	9.363	34.955	140.421	0.009
570	24	214	428.020	1068.999	0	27.201	2.847	9.803	37.760	157.340	3.515
571	24	215	405.625	1066.378	0	27.404	2.773	9.250	34.317	136.934	0.926
572	24	216	388.573	1066.302	0	26.668	2.791	9.375	35.044	140.945	2.336E-4
573	24	217	363.072	1063.771	0	26.666	2.789	9.386	35.213	142.439	1.636E-7
574	24	218	339.155	1061.860	0	26.452	2.803	9.480	35.768	145.558	9.857
575	24	219	315.565	1063.389	0	26.041	2.785	9.336	34.825	139.725	2.152
576	24	220	293.710	1061.470	0	25.378	2.775	9.287	34.613	138.920	4.540
577	24	221	269.269	1056.736	0	25.478	2.775	9.288	34.627	139.057	13.809
578	24	222	246.859	1056.544	0	24.706	2.838	9.703	36.954	151.683	0.506
579	24	223	225.013	1056.233	0	24.543	2.824	9.648	36.839	151.997	0.136
580	24	224	204.201	1058.357	0	23.187	2.899	10.141	39.604	166.930	0.071
581	24	225	177.831	1059.906	0	24.043	2.847	9.780	37.477	154.925	0.067
582	24	226	157.060	1061.364	0	23.703	2.814	9.565	36.284	148.507	2.623
583	24	227	138.939	1061.591	0	23.576	2.813	9.552	36.189	147.872	7.171
584	24	228	118.911	1063.008	0	23.189	2.853	9.839	37.918	157.866	0.432
585	24	229	97.914	1059.964	0	23.261	2.832	9.695	37.086	153.277	1.545
586	24	230	79.118	1057.467	0	22.724	2.830	9.652	36.702	150.441	4.641
587	24	231	51.996	1061.060	0	21.440	2.953	10.557	42.245	182.921	8.715E-4
588	24	232	31.626	1062.009	0	21.818	2.875	9.977	38.641	161.475	0.035
589	24	233	16.146	1058.593	0	21.979	2.857	9.842	37.769	156.120	1.651
590	25	190	996.922	797.454	0	26.075	2.916	10.270	40.382	171.466	2.411
591	25	191	973.231	799.494	0	26.760	2.860	9.846	37.745	155.854	2.637
592	25	192	947.784	795.925	0	27.457	2.847	9.779	37.457	154.745	10.223
593	25	193	924.608	795.772	0	28.112	2.813	9.522	35.864	145.353	0.106
594	25	194	899.573	801.287	0	26.041	2.890	10.062	39.027	163.061	0.937
595	25	195	874.265	802.148	0	27.198	2.857	9.861	37.990	157.969	8.199
596	25	196	856.149	804.692	0	27.933	2.817	9.567	36.207	147.689	9.502
597	25	197	832.852	806.048	0	27.539	2.845	9.774	37.478	155.143	2.022
598	25	198	809.803	803.858	0	27.538	2.813	9.545	36.114	147.357	2.553
599	25	199	786.188	805.136	0	26.794	2.883	10.033	38.968	163.366	13.062
600	25	200	766.443	800.584	0	26.010	2.891	10.068	39.052	163.147	0.006
601	25	201	738.829	799.134	0	25.839	2.920	10.289	40.445	171.488	1.523E-5
602	25	202	715.857	798.985	0	25.559	2.945	10.478	41.681	179.210	4.760E-7
603	25	203	692.236	797.330	0	25.205	2.970	10.643	42.583	183.958	4.580E-12
604	25	204	665.357	797.712	0	26.189	2.870	9.924	38.216	158.454	1.655E-11
605	25	205	640.427	800.625	0	26.222	2.871	9.912	38.068	157.249	1.295E-7
606	25	206	612.248	799.950	0	26.134	2.899	10.140	39.576	166.636	1.303E-10
607	25	207	591.048	799.551	0	27.026	2.860	9.865	37.950	157.429	2.156E-4
608	25	208	571.167	798.682	0	27.221	2.843	9.735	37.136	152.609	8.378E-7
609	25	209	549.957	798.466	0	26.029	2.921	10.293	40.461	171.589	5.682E-8
610	25	210	525.818	798.187	0	25.914	2.890	10.065	39.054	163.267	4.747E-7
611	25	211	507.537	802.135	0	26.081	2.871	9.942	38.376	159.673	8.824E-7
612	25	212	483.637	808.176	0	26.344	2.839	9.717	37.066	152.348	4.443E-4
613	25	213	462.901	808.672	0	26.604	2.828	9.648	36.693	150.400	0.009
614	25	214	440.454	807.278	0	26.738	2.810	9.507	35.809	145.210	3.515
615	25	215	418.321	806.651	0	26.676	2.802	9.446	35.418	142.841	0.926
616	25	216	395.779	808.651	0	25.297	2.876	9.963	38.453	159.851	2.336E-4
617	25	217	369.946	807.032	0	25.009	2.926	10.352	40.955	175.104	0.005
618	25	218	349.258	803.337	0	26.143	2.802	9.460	35.562	143.959	9.857
619	25	219	328.694	804.726	0	26.674	2.784	9.337	34.846	139.991	2.152
620	25	220	304.205	808.394	0	25.840	2.803	9.482	35.749	145.292	4.540
621	25	221	280.781	807.496	0	25.422	2.800	9.447	35.481	143.491	13.809
622	25	222	256.178	812.601	0	25.486	2.795	9.419	35.370	143.166	0.506
623	25	223	235.095	809.983	0	25.518	2.816	9.597	36.566	150.598	0.136
624	25	224	216.618	809.415	0	24.921	2.800	9.446	35.475	143.425	1.140E-6
625	25	225	196.934	811.196	0	25.043	2.799	9.474	35.822	146.265	0.067
626	25	226	174.031	810.190	0	24.261	2.846	9.788	37.598	155.999	2.623
627	25	227	155.235	808.303	0	23.947	2.790	9.401	35.331	143.221	7.139
628	25	228	137.567	808.778	0	23.870	2.776	9.282	34.543	138.352	3.423
629	25	229	116.037	812.845	0	25.680	2.951	10.635	43.329	193.188	3.836E-14
630	25	230	95.745	810.378	0	23.816	2.821	9.583	36.216	147.279	0.040
631	25	231	73.292	810.489	0	24.092	2.788	9.366	35.025	140.992	0.001
632	25	232	50.061	812.403	0	23.877	2.831	9.668	36.828	151.339	2.143E-5
633	25	233	28.687	815.473	0	22.960	2.844	9.730	37.014	151.403	0.185
634	25	234	4.802	814.455	0	20.501	2.758	9.142	33.707	133.768	6.470E-4
635	26	196	385.248	1136.449	0	24.196	2.814	9.538	35.974	146.012	7.457
636	26	197	367.248	1132.653	0	24.324	2.814	9.542	36.036	146.537	4.367E-22
637	26	198	343.958	1133.986	0	24.445	2.832	9.708	37.252	154.692	7.575
638	26	199	322.578	1135.565	0	24.471	2.763	9.194	34.034	135.510	10.475
639	26	200	303.958	1134.567	0	23.753	2.823	9.638	36.777	151.612	2.584
640	26	201	279.165	1139.259	0	23.801	2.782	9.337	34.914	140.662	1.796
641	26	202	255.777	1142.349	0	23.199	2.804	9.493	35.837	145.846	0.070
642	26	203	236.758	1142.854	0	23.061	2.814	9.557	36.192	147.761	8.259
643	26	205	193.191	1138.721	0	22.759	2.771	9.255	34.429	137.951	10.898
644	27	198	1010.967	544.251	0	23.102	2.758	9.204	34.322	138.261	9.710
645	27	199	989.941	545.239	0	22.367	2.797	9.485	35.989	147.711	2.535E-9
646	27	200	970.964	539.756	0	23.202	2.743	9.113	33.825	135.604	0.884
647	27	201	953.528	538.893	0	22.926	2.729	8.995	33.066	131.088	0.192
648	27	203	910.614	539.720	0	22.190	2.842	9.748	37.284	153.734	0.429
649	27	204	890.241	540.787	0	23.893	2.927	10.425	41.872	183.894	0.002
650	27	205	871.935	545.898	0	21.952	2.768	9.275	34.777	141.030	0.691
651	27	206	849.536	546.635	0	23.525	2.756	9.166	33.960	135.530	0.133
652	27	207	833.914	543.347	0	23.963	2.737	9.050	33.391	132.917	0.002
653	27	208	812.561	541.809	0	24.939	2.718	8.914	32.558	128.091	2.686E-12
654	27	209	794.927	540.043	0	24.204	2.808	9.545	36.284	149.094	5.979E-8
655	27	210	773.501	538.833	0	24.280	2.757	9.173	34.017	135.967	5.326E-7
656	27	211	752.617	534.948	0	24.490	2.734	9.043	33.389	133.057	8.815E-7
657	27	212	728.698	538.510	0	23.987	2.696	8.782	31.884	124.735	3.229E-10
658	27	213	705.933	537.140	0	22.593	2.765	9.252	34.618	139.995	1.730E-4
659	27	214	683.068	537.756	0	22.320	2.753	9.180	34.234	137.989	3.876E-42
660	27	215	665.469	534.634	0	20.834	2.772	9.287	34.698	139.696	6.096
661	27	216	642.444	533.695	0	22.841	2.752	9.138	33.791	134.552	4.266E-14
662	27	217	617.045	536.382	0	22.268	2.745	9.131	33.957	136.470	4.811E-6
663	27	218	597.394	538.393	0	22.419	2.714	8.898	32.532	128.183	9.260E-8
664	27	219	576.951	535.705	0	22.539	2.756	9.190	34.236	137.725	9.114E-4
665	27	220	559.025	536.722	0	21.942	2.836	9.749	37.547	156.569	1.750E-4
666	27	221	538.501	539.060	0	22.948	2.753	9.190	34.321	138.638	7.735E-13
667	27	222	516.843	541.030	0	22.643	2.795	9.475	35.975	147.892	6.992E-9
668	27	223	496.656	539.094	0	22.239	2.772	9.312	34.993	142.176	2.694E-11
669	27	224	478.959	535.182	0	23.114	2.742	9.102	33.776	135.471	0.070
670	27	225	459.091	533.783	0	22.255	2.770	9.291	34.836	141.100	5.506E-7
671	27	226	436.890	535.247	0	21.886	2.761	9.226	34.463	139.089	6.006E-7
672	27	227	415.799	535.765	0	22.493	2.772	9.285	34.695	139.831	0.032
673	27	228	398.518	537.033	0	22.070	2.753	9.195	34.393	139.247	0.004
674	27	229	381.439	536.268	0	21.391	2.750	9.157	34.054	136.682	1.074E-7
675	27	230	367.030	534.806	0	21.774	2.783	9.397	35.522	145.220	4.647
676	27	231	349.841	536.361	0	21.332	2.750	9.160	34.088	136.991	0.001
677	27	232	330.479	534.550	0	19.070	2.817	9.637	36.923	153.044	3.641E-16
678	27	233	318.441	537.982	0	19.159	2.846	9.870	38.526	163.572	8.567E-17
679	27	234	300.369	538.639	0	19.107	2.786	9.423	35.673	146.008	6.470E-4
680	27	235	285.259	541.799	0	17.933	2.869	10.026	39.414	168.325	0.143
681	27	236	269.700	543.584	0	18.246	2.834	9.751	37.575	156.688	0
682	27	237	253.551	544.684	0	17.777	2.841	9.829	38.201	160.983	6.866E-44
683	27	238	230.555	553.082	0	17.455	2.863	9.997	39.317	168.267	6.019E-8
684	27	239	216.339	551.169	0	17.952	2.834	9.784	37.961	159.820	0
685	27	240	197.651	556.629	0	18.822	2.768	9.291	34.852	141.193	0
686	27	241	182.844	557.804	0	17.233	2.887	10.163	40.219	172.787	0
687	27	242	166.193	561.805	0	16.822	2.910	10.353	41.549	181.586	0
688	27	243	148.129	561.010	0	17.439	2.901	10.288	41.154	179.359	0
689	27	244	131.853	563.412	0	18.583	2.766	9.276	34.810	141.268	0
690	27	245	108.478	561.680	0	19.001	2.751	9.153	33.990	136.101	4.269E-37
691	27	246	94.546	565.759	0	20.445	2.712	8.891	32.525	128.312	5.499E-10
692	27	247	71.102	565.131	0	19.473	2.753	9.187	34.321	138.718	8.059E-34
693	27	248	50.104	566.014	0	17.974	2.840	9.814	38.105	160.545	0
694	27	249	24.364	565.572	0	19.881	2.712	8.894	32.537	128.339	3.156E-29
695	27	250	6.114	559.486	0	18.086	2.724	8.986	33.107	131.727	0
696	28	217	548.517	1140.493	0	23.811	2.873	9.919	38.064	156.951	0.005
697	28	218	524.773	1135.718	0	23.977	2.892	10.067	39.023	162.843	9.277E-8
698	28	219	497.002	1138.366	0	23.440	2.915	10.259	40.300	170.860	9.114E-4
699	28	220	469.764	1137.934	0	23.314	2.930	10.382	41.115	175.942	1.750E-4
700	28	224	375.614	1132.652	0	21.824	2.922	10.271	40.182	169.120	0.001
701	29	228	1029.346	246.416	0	23.473	2.709	8.870	32.381	127.425	3.190
702	29	229	1009.140	242.234	0	23.445	2.734	9.037	33.353	132.898	1.545
703	29	230	992.802	245.952	0	22.275	2.791	9.423	35.564	145.029	8.996
704	29	231	976.176	248.315	0	22.770	2.729	8.999	33.106	131.371	0.002
705	29	232	958.351	250.347	0	22.367	2.732	9.017	33.175	131.567	0.035
706	29	233	940.230	246.673	0	22.075	2.754	9.165	34.018	136.143	1.594
707	29	234	918.939	245.226	0	22.600	2.771	9.318	35.100	143.193	3.650E-9
708	29	235	899.731	243.998	0	22.243	2.747	9.155	34.146	137.822	1.679E-41
709	29	236	878.744	244.810	0	22.927	2.727	8.995	33.097	131.351	0
710	29	237	862.806	248.010	0	22.255	2.756	9.215	34.509	139.939	6.866E-44
711	29	238	840.371	248.816	0	18.997	2.687	8.772	32.062	126.794	6.019E-8
712	29	239	822.122	248.734	0	23.276	2.774	9.313	34.929	141.490	0
713	29	240	797.766	250.865	0	24.252	2.725	8.969	32.920	130.351	0
714	29	241	783.206	247.634	0	23.761	2.713	8.887	32.457	127.756	0
715	29	242	766.646	244.971	0	23.604	2.733	9.036	33.354	132.957	0
716	29	243	746.452	244.888	0	23.786	2.729	8.988	33.000	130.625	0
717	29	244	726.166	242.895	0	23.566	2.750	9.136	33.875	135.544	0
718	29	245	700.372	242.774	0	23.158	2.733	9.016	33.141	131.248	4.269E-37
719	29	246	681.374	242.636	0	22.613	2.767	9.234	34.334	137.481	5.499E-10
720	29	247	660.488	242.511	0	23.445	2.741	9.057	33.298	131.719	8.059E-34
721	29	248	638.863	239.872	0	23.242	2.793	9.427	35.502	144.270	0
722	29	249	614.780	239.827	0	23.565	2.763	9.214	34.257	137.317	3.156E-29
723	29	250	596.183	240.989	0	23.297	2.809	9.535	36.145	147.968	0
724	29	251	572.542	243.827	0	22.137	2.840	9.732	37.186	153.202	0
725	29	252	551.982	248.657	0	22.836	2.814	9.573	36.385	149.414	0
726	29	253	530.276	250.027	0	21.778	2.852	9.808	37.625	155.721	2.248E-35
727	29	254	507.268	250.121	0	22.247	2.809	9.521	35.993	146.734	6.189E-27
728	29	255	485.635	249.505	0	21.871	2.785	9.334	34.802	139.570	0.008
729	29	256	461.002	250.396	0	22.260	2.801	9.472	35.745	145.540	2.191E-4
730	29	257	441.650	251.355	0	22.281	2.763	9.185	33.959	135.033	1.884E-4
731	29	258	422.552	254.629	0	21.915	2.758	9.163	33.879	134.777	4.023E-4
732	29	259	399.724	257.418	0	21.262	2.788	9.353	34.904	140.150	1.522E-10
733	29	260	379.807	257.553	0	21.106	2.770	9.248	34.387	137.704	0
734	29	261	356.035	256.606	0	20.901	2.777	9.313	34.849	140.712	1.418E-12
735	29	262	334.479	256.859	0	20.634	2.763	9.210	34.206	136.885	0
736	29	263	314.622	257.441	0	20.080	2.702	8.817	32.064	125.612	0
737	29	264	292.570	255.016	0	19.177	2.777	9.333	35.052	142.190	0
738	29	265	268.695	254.830	0	19.366	2.746	9.108	33.683	134.303	0
739	29	266	247.593	260.330	0	19.171	2.729	8.976	32.867	129.549	0
740	29	267	229.244	259.941	0	19.023	2.752	9.144	33.907	135.701	0
741	29	268	213.018	261.996	0	18.207	2.823	9.638	36.788	151.792	0
742	29	269	196.415	266.362	0	18.196	2.758	9.161	33.855	134.613	0
743	29	270	175.624	266.577	0	17.703	2.764	9.190	33.978	135.106	0
744	29	271	155.159	270.992	0	17.067	2.832	9.691	37.059	153.140	0
745	29	272	132.656	274.092	0	16.617	2.811	9.526	35.982	146.488	0
746	30	251	1008.702	685.744	0	10.423	2.351	6.659	20.971	71.404	0
747	30	252	1001.846	681.634	0	10.560	2.402	6.960	22.475	78.621	0
748	30	253	996.984	677.669	0	10.588	2.408	7.024	22.999	82.529	0
749	31	253	933.373	1369.016	0	18.274	3.137	11.864	50.082	228.152	2.248E-35
750	31	254	907.514	1364.168	0	19.265	3.081	11.452	47.519	212.756	6.189E-27
751	31	255	888.646	1362.893	0	21.780	2.962	10.569	42.045	180.368	0.008
752	31	256	862.536	1360.361	0	21.556	2.993	10.793	43.403	188.162	2.191E-4
753	31	257	840.943	1355.617	0	22.377	2.978	10.689	42.805	184.922	1.884E-4
754	31	258	816.549	1356.095	0	21.948	2.966	10.618	42.439	183.063	4.023E-4
755	31	259	787.804	1357.190	0	23.155	2.961	10.574	42.146	181.251	1.522E-10
756	31	261	738.871	1357.983	0	22.110	3.079	11.445	47.543	213.283	1.418E-12
757	32	261	1024.740	1046.218	0	25.117	2.753	9.165	34.070	136.759	1.916E-30
758	32	262	1007.973	1045.454	0	25.363	2.797	9.473	35.861	146.691	0
759	32	263	985.438	1043.198	0	25.726	2.751	9.142	33.889	135.503	0
760	32	264	970.916	1045.905	0	26.531	2.787	9.394	35.388	144.087	0
761	32	265	950.336	1047.129	0	27.310	2.771	9.255	34.456	138.286	0
762	32	266	931.421	1040.501	0	28.003	2.757	9.134	33.631	133.171	0
763	32	267	916.813	1042.827	0	27.844	2.805	9.476	35.659	144.593	0
764	32	268	894.957	1040.658	0	27.578	2.802	9.477	35.759	145.603	0
765	32	269	870.063	1041.279	0	27.468	2.816	9.561	36.207	147.925	0
766	32	270	846.664	1040.215	0	27.080	2.792	9.384	35.107	141.372	0
767	32	271	822.433	1043.416	0	27.085	2.797	9.422	35.331	142.590	0
768	32	272	801.057	1036.963	0	27.866	2.823	9.619	36.606	150.556	0
769	32	273	780.453	1036.567	0	27.744	2.778	9.273	34.400	137.204	0
770	32	274	761.102	1037.645	0	28.065	2.795	9.405	35.286	142.785	3.4e38
771	32	275	739.343	1040.141	0	28.860	2.775	9.242	34.226	136.478	3.4e38
772	32	276	714.965	1042.260	0	28.235	2.824	9.618	36.548	149.923	3.4e38
773	32	277	690.295	1039.269	0	28.088	2.813	9.527	35.921	145.847	3.4e38
774	32	278	668.125	1040.349	0	27.325	2.914	10.427	42.685	194.641	3.4e38
775	32	279	643.856	1039.097	0	27.522	2.889	10.183	40.720	179.523	3.4e38
776	32	280	621.223	1034.139	0	28.851	2.814	9.518	35.850	145.481	0
777	32	281	598.680	1037.100	0	28.671	2.804	9.463	35.600	144.473	0
778	32	282	581.964	1032.941	0	28.420	2.817	9.574	36.333	148.948	0
779	32	283	559.800	1028.626	0	28.467	2.759	9.148	33.739	133.964	0
780	32	284	537.497	1033.979	0	27.921	2.790	9.390	35.255	142.853	0
781	32	285	519.120	1037.222	0	28.025	2.766	9.218	34.241	137.197	0
782	32	286	499.887	1035.832	0	28.105	2.775	9.263	34.449	138.128	0
783	32	287	478.732	1035.114	0	28.008	2.774	9.265	34.486	138.419	0
784	32	288	456.874	1036.882	0	27.636	2.789	9.383	35.201	142.484	0
785	32	289	435.488	1036.010	0	27.822	2.796	9.426	35.455	143.943	0
786	32	290	415.480	1035.427	0	27.297	2.749	9.095	33.467	132.478	0
787	32	291	396.573	1035.722	0	27.581	2.755	9.132	33.674	133.629	1.663E-37
788	32	292	375.215	1037.982	0	26.641	2.811	9.548	36.216	148.302	2.160E-31
789	32	293	354.443	1040.284	0	26.450	2.774	9.265	34.431	137.689	0
790	32	294	334.435	1041.578	0	25.533	2.797	9.414	35.237	141.801	0
791	32	295	314.284	1039.621	0	24.995	2.831	9.660	36.689	149.967	0
792	32	296	287.149	1043.433	0	24.543	2.865	9.894	38.080	157.915	4.367E-28
793	32	297	263.013	1042.929	0	24.579	2.888	10.085	39.397	166.461	8.831E-25
794	32	298	241.059	1043.738	0	24.652	2.815	9.567	36.280	148.422	8.788E-33
795	32	299	218.394	1045.459	0	24.484	2.791	9.381	35.077	141.075	2.803E-45
796	32	300	194.645	1046.300	0	24.610	2.751	9.120	33.653	133.674	8.186E-26
797	33	280	1029.599	537.212	0	21.191	2.760	9.222	34.432	138.899	0
798	33	281	1013.664	536.503	0	21.563	2.739	9.076	33.572	133.968	0
799	33	282	994.968	534.965	0	21.647	2.796	9.531	36.523	152.027	0
800	33	283	977.279	535.532	0	20.904	2.741	9.108	33.853	135.975	0
801	33	284	956.512	531.185	0	19.593	2.848	9.841	38.082	159.420	0
802	33	285	940.711	530.226	0	19.189	2.814	9.630	36.945	153.484	0
803	33	286	922.452	531.285	0	19.664	2.811	9.556	36.282	148.700	0
804	33	287	908.237	532.040	0	21.261	2.786	9.445	35.924	148.091	0
805	33	288	886.746	527.504	0	21.820	2.737	9.053	33.383	132.674	0
806	33	289	864.718	530.739	0	22.320	2.714	8.910	32.637	128.920	0
807	33	290	846.662	532.765	0	22.502	2.748	9.120	33.734	134.474	0
808	33	291	821.637	530.628	0	23.411	2.701	8.811	32.041	125.549	1.663E-37
809	33	292	804.268	530.706	0	22.859	2.719	8.937	32.777	129.659	2.160E-31
810	33	293	788.973	530.975	0	21.103	2.810	9.632	37.154	155.790	0
811	33	294	770.209	527.296	0	20.438	2.792	9.462	35.924	147.591	0
812	33	295	749.124	529.851	0	20.124	2.809	9.592	36.729	152.370	0
813	33	296	730.215	525.701	0	20.977	2.760	9.232	34.516	139.391	4.367E-28
814	33	297	712.346	529.667	0	21.309	2.746	9.117	33.793	135.147	8.831E-25
815	33	298	693.499	528.345	0	20.751	2.763	9.254	34.633	139.901	8.788E-33
816	33	299	671.618	526.273	0	19.897	2.790	9.429	35.619	145.319	2.803E-45
817	33	300	653.213	523.635	0	21.131	2.752	9.176	34.199	137.653	8.186E-26
